{
 "cells": [
  {
   "cell_type": "code",
   "execution_count": 1,
   "metadata": {
    "collapsed": false
   },
   "outputs": [],
   "source": [
    "import gfc\n",
    "from gfc import *\n",
    "import numpy as np\n",
    "import scipy as sp\n",
    "from scipy.stats import chi2\n",
    "import copy as cp\n",
    "from extreme_deconvolution import extreme_deconvolution as xd\n",
    "import matplotlib.pyplot as plt\n",
    "from matplotlib import rc\n",
    "from matplotlib import gridspec as gs\n",
    "from matplotlib.patches import Ellipse\n",
    "import matplotlib as mpl\n",
    "from mcmcplotting import convert_to_stdev_nan\n",
    "from astropy.table import Table\n",
    "from astropy import units as u\n",
    "from astropy.coordinates import Angle\n",
    "from pygaia.astrometry.vectorastrometry import phaseSpaceToAstrometry, astrometryToPhaseSpace, sphericalToCartesian, normalTriad\n",
    "from pygaia.astrometry.coordinates import CoordinateTransformation, Transformations\n",
    "from pygaia.astrometry import constants\n",
    "\n",
    "galtoicrs = CoordinateTransformation(Transformations.GAL2ICRS)\n",
    "icrstogal = CoordinateTransformation(Transformations.ICRS2GAL)\n",
    "\n",
    "rc('font',**{'family':'serif', 'serif':['Times']})\n",
    "rc('text', usetex=True)"
   ]
  },
  {
   "cell_type": "code",
   "execution_count": 2,
   "metadata": {
    "collapsed": false
   },
   "outputs": [
    {
     "name": "stdout",
     "output_type": "stream",
     "text": [
      "Reading files..\n"
     ]
    }
   ],
   "source": [
    "root = '/disks/strw9/vanweenen/mrp1/data/'\n",
    "\n",
    "#hipfile = 'Gaia_DR1_hipparcos_plx:eplx<0.1_nobinary'\n",
    "tgasfile = 'Gaia_DR1_tgas_2mass_qualAAA_plx:eplx<0.1_MScut'\n",
    "\n",
    "print \"Reading files..\"\n",
    "#t_hip = gfc.io.read_csv(root + 'original/' + hipfile + '.csv')\n",
    "t_tgas = gfc.io.read_csv(root + 'MS cut/' + tgasfile + '.csv')[:500]"
   ]
  },
  {
   "cell_type": "code",
   "execution_count": 3,
   "metadata": {
    "collapsed": false,
    "scrolled": true
   },
   "outputs": [
    {
     "name": "stdout",
     "output_type": "stream",
     "text": [
      "500\n"
     ]
    }
   ],
   "source": [
    "N = len(t_tgas)\n",
    "print N\n",
    "\n",
    "Kmin=1 ; Kmax=20 ; Kstep=1\n",
    "wmin = 0.5 ; wmax=15 ; wstep=1."
   ]
  },
  {
   "cell_type": "code",
   "execution_count": 4,
   "metadata": {
    "collapsed": false
   },
   "outputs": [],
   "source": [
    "# Use parameters from Bovy 2009 as initial velocity distribution.\n",
    "amps_Bovy = gfc.io.load('/disks/strw9/vanweenen/mrp1/gfc/Bovy_parameters/' + 'Bovy_amps.npy')\n",
    "means_Bovy = gfc.io.load('/disks/strw9/vanweenen/mrp1/gfc/Bovy_parameters/' + 'Bovy_means.npy')\n",
    "covs_Bovy = gfc.io.load('/disks/strw9/vanweenen/mrp1/gfc/Bovy_parameters/' + 'Bovy_covs.npy')\n",
    "\n",
    "amps_Bovy /= np.sum(amps_Bovy)\n",
    "\n",
    "initamps = []\n",
    "initmeans = []\n",
    "initcovs = []\n",
    "\n",
    "for k in range(len(amps_Bovy)):\n",
    "    initamps.append(amps_Bovy[:k+1])\n",
    "    initmeans.append(means_Bovy[:k+1])\n",
    "    initcovs.append(covs_Bovy[:k+1])"
   ]
  },
  {
   "cell_type": "code",
   "execution_count": 5,
   "metadata": {
    "collapsed": false
   },
   "outputs": [
    {
     "name": "stdout",
     "output_type": "stream",
     "text": [
      "Projection..\n",
      "Transforming to radians for..  ra\n",
      "Transforming to radians for..  dec\n",
      "w\n",
      "pqr\n",
      "R\n",
      "C\n",
      "Q\n",
      "S\n",
      "UVW\n",
      "Done\n"
     ]
    }
   ],
   "source": [
    "print \"Projection..\"\n",
    "# Calculate the projection matrix analogous to equation (1) in Bovy et al 2009 \n",
    "# (https://ui.adsabs.harvard.edu/#abs/2009ApJ...700.1794B/abstract). Note the different ordering of the\n",
    "# velocity components.\n",
    "gfc.add_rad(t_tgas, 'ra', u.degree, errunit=u.mas)\n",
    "gfc.add_rad(t_tgas, 'dec', u.degree, errunit=u.mas)\n",
    "\n",
    "matrix.transformation(t_tgas)\n",
    "warr = gfc.XD_arr(t_tgas, \"w\")\n",
    "wcovar = gfc.XD_arr(t_tgas, \"S\") ; wcovar[:,2,2] = 1e15\n",
    "proj = gfc.XD_arr(t_tgas, \"R\")\n",
    "varr = gfc.XD_arr(t_tgas, \"UVW\")\n",
    "\n",
    "print \"Done\""
   ]
  },
  {
   "cell_type": "code",
   "execution_count": 6,
   "metadata": {
    "collapsed": false
   },
   "outputs": [
    {
     "name": "stdout",
     "output_type": "stream",
     "text": [
      "Perform XD..\n",
      "1\n",
      "2\n",
      "3\n",
      "4\n",
      "5\n",
      "6\n",
      "7\n",
      "8\n",
      "9\n",
      "10\n",
      "11\n",
      "12\n",
      "13\n",
      "14\n",
      "15\n",
      "16\n",
      "17\n",
      "18\n",
      "19\n",
      "20\n"
     ]
    }
   ],
   "source": [
    "# Perform XD\n",
    "print \"Perform XD..\"\n",
    "# The input to XD are the values of v_alpha*, v_delta, vrad. The other input required is the projection matrix.\n",
    "# The values of v_alpha*, v_delta, vrad are obtained from (alpha, delta, parallax, mura,  mudec, vrad).\n",
    "wrange = np.arange(wmin, wmax + wstep, wstep)**2.\n",
    "Krange = range(Kmin, Kmax + Kstep, Kstep) #Krange from Kmin to Kmax\n",
    "\n",
    "logL, AIC, MDL, amps_test, means_test, covs_test, bestK, bestw = gfc.perform_XD(warr, wcovar, proj, initamps, initmeans, initcovs, wrange, Krange, N)"
   ]
  },
  {
   "cell_type": "code",
   "execution_count": 7,
   "metadata": {
    "collapsed": false
   },
   "outputs": [
    {
     "name": "stdout",
     "output_type": "stream",
     "text": [
      "XD:\n",
      "logLikelihood: best K = 20, best w = 20.25\n",
      "amps: [0.1480385  0.13123286 0.08769742 0.08290581 0.07526765 0.07309165\n",
      " 0.06377487 0.05829733 0.05234458 0.04910091 0.03670721 0.03466745\n",
      " 0.03123433 0.02081647 0.01725731 0.0121421  0.00836471 0.00754868\n",
      " 0.00751016 0.002     ], means: [[-6.84931895e+01 -4.05386788e+01 -3.22469753e+01]\n",
      " [ 1.58535610e+01 -4.41667916e+01  3.30035824e+00]\n",
      " [ 1.74485260e+01 -1.59814740e+01 -1.23998232e+01]\n",
      " [-2.65250304e+01 -9.19919720e+00 -1.43714301e+01]\n",
      " [-2.27453835e+00 -2.32850041e+00 -6.94050556e+00]\n",
      " [ 2.50631709e+01 -5.76490511e+00  5.87347474e+00]\n",
      " [-5.97660512e+00 -2.31263138e+01 -7.04814476e+00]\n",
      " [-2.84307188e+01 -1.86370787e+01  1.78971564e+01]\n",
      " [-2.53309248e+01 -2.04288695e+01  5.21192812e+00]\n",
      " [ 4.80395862e+01 -1.92055459e-01 -1.29234291e+00]\n",
      " [ 6.40563110e+01 -3.42572238e+01  4.10794078e+01]\n",
      " [ 4.32950571e+01 -1.55695613e+01  8.45820642e+00]\n",
      " [-3.55113804e+01  4.01679751e+00 -9.93874721e+00]\n",
      " [ 6.77238564e+00 -1.27055862e+00 -5.89468526e+01]\n",
      " [-3.15805552e+01  3.08251858e+01 -5.07986614e+01]\n",
      " [ 2.08213760e+00  1.77723879e+01  1.66487018e+01]\n",
      " [ 7.67352624e+01 -2.09016804e+00 -5.12613995e-01]\n",
      " [-3.61784255e+01 -6.77165793e+01 -3.95532509e+01]\n",
      " [-6.63431666e+01  8.27968119e+00  2.87921459e+01]\n",
      " [ 7.15924999e+01 -2.98066622e+02 -4.65767342e-01]], covs: [[[ 8.58770132e+02  4.16023760e+02 -2.80354241e+02]\n",
      "  [ 4.16023760e+02  6.83235637e+02  4.94116161e+02]\n",
      "  [-2.80354241e+02  4.94116161e+02  9.90895603e+02]]\n",
      "\n",
      " [[ 4.32901798e+02  3.51490577e+01 -2.74458799e+01]\n",
      "  [ 3.51490577e+01  2.14947783e+02 -1.32589975e+02]\n",
      "  [-2.74458799e+01 -1.32589975e+02  1.04404565e+02]]\n",
      "\n",
      " [[ 1.19055206e+03 -7.11714651e+02 -3.65574512e+02]\n",
      "  [-7.11714651e+02  4.45925883e+02  2.17299498e+02]\n",
      "  [-3.65574512e+02  2.17299498e+02  1.38823661e+02]]\n",
      "\n",
      " [[ 2.89842314e+01 -1.46477436e+01  1.42506925e+01]\n",
      "  [-1.46477436e+01  3.72230145e+01 -7.50766199e+00]\n",
      "  [ 1.42506925e+01 -7.50766199e+00  1.17349290e+01]]\n",
      "\n",
      " [[ 2.44218365e+02  5.14576233e+01  2.39970084e+02]\n",
      "  [ 5.14576233e+01  3.00688972e+01  5.57432161e+01]\n",
      "  [ 2.39970084e+02  5.57432161e+01  2.48774587e+02]]\n",
      "\n",
      " [[ 2.65079253e+01  1.48475580e+01 -1.69424804e-01]\n",
      "  [ 1.48475580e+01  4.44947264e+01 -1.78665815e+01]\n",
      "  [-1.69424804e-01 -1.78665815e+01  1.66518900e+01]]\n",
      "\n",
      " [[ 7.20639171e+01  1.75149473e+01  8.50204492e+00]\n",
      "  [ 1.75149473e+01  1.19275816e+01 -2.46592289e+00]\n",
      "  [ 8.50204492e+00 -2.46592289e+00  1.74758619e+01]]\n",
      "\n",
      " [[ 1.62501157e+03 -1.07041998e+03  1.39531174e+03]\n",
      "  [-1.07041998e+03  7.23541515e+02 -9.29079783e+02]\n",
      "  [ 1.39531174e+03 -9.29079783e+02  1.21720484e+03]]\n",
      "\n",
      " [[ 2.36940511e+01 -1.55038608e+00  3.08568221e+00]\n",
      "  [-1.55038608e+00  1.32313993e+01 -3.15865229e-02]\n",
      "  [ 3.08568221e+00 -3.15865229e-02  1.22972522e+01]]\n",
      "\n",
      " [[ 3.67965084e+02 -2.69915202e+02  2.38786530e+02]\n",
      "  [-2.69915202e+02  2.21984118e+02 -1.78047772e+02]\n",
      "  [ 2.38786530e+02 -1.78047772e+02  1.88624661e+02]]\n",
      "\n",
      " [[ 1.67355870e+01  7.33759421e-01 -1.89165913e+00]\n",
      "  [ 7.33759421e-01  7.72936245e+00 -4.95148005e+00]\n",
      "  [-1.89165913e+00 -4.95148005e+00  2.45466604e+01]]\n",
      "\n",
      " [[ 3.50805183e+01  9.00341597e-01  6.30938951e+00]\n",
      "  [ 9.00341597e-01  5.12525784e+00 -2.42614609e+00]\n",
      "  [ 6.30938951e+00 -2.42614609e+00  1.21070153e+01]]\n",
      "\n",
      " [[ 5.06048530e+01  2.23704011e+01  5.00563192e+01]\n",
      "  [ 2.23704011e+01  3.11914737e+01  2.56165352e+01]\n",
      "  [ 5.00563192e+01  2.56165352e+01  6.13629347e+01]]\n",
      "\n",
      " [[ 1.75088222e+01 -4.04716975e+00  2.19403094e+00]\n",
      "  [-4.04716975e+00  1.08310675e+01  6.13565965e+00]\n",
      "  [ 2.19403094e+00  6.13565965e+00  1.98691824e+01]]\n",
      "\n",
      " [[ 1.32780198e+01 -5.88890259e+00  3.76083008e+00]\n",
      "  [-5.88890259e+00  4.12350361e+01  2.05238525e+01]\n",
      "  [ 3.76083008e+00  2.05238525e+01  2.89582412e+01]]\n",
      "\n",
      " [[ 1.40046707e+01 -2.83557167e+00  5.29121458e+00]\n",
      "  [-2.83557167e+00  7.59884216e+00  1.01179950e+00]\n",
      "  [ 5.29121458e+00  1.01179950e+00  2.01709887e+01]]\n",
      "\n",
      " [[ 1.55734649e+01 -2.68266372e-01  4.16043055e+00]\n",
      "  [-2.68266372e-01  6.99957252e+00 -1.56411360e+00]\n",
      "  [ 4.16043055e+00 -1.56411360e+00  1.18479674e+01]]\n",
      "\n",
      " [[ 1.55142168e+01 -6.17730893e-01  5.16116617e+00]\n",
      "  [-6.17730893e-01  1.32047898e+01 -9.09111508e-01]\n",
      "  [ 5.16116617e+00 -9.09111508e-01  1.30868960e+01]]\n",
      "\n",
      " [[ 1.51085006e+01 -3.40555384e+00  3.97652188e+00]\n",
      "  [-3.40555384e+00  1.51407983e+01  2.47015181e+00]\n",
      "  [ 3.97652188e+00  2.47015181e+00  1.12372111e+01]]\n",
      "\n",
      " [[ 1.66411730e+01 -7.52703049e-01  4.68743378e+00]\n",
      "  [-7.52703049e-01  1.94566960e+01  9.02480511e-01]\n",
      "  [ 4.68743378e+00  9.02480511e-01  1.41527003e+01]]]\n",
      "AIC: best K = 13, best w = 6.25\n",
      "amps: [0.33995133 0.12860695 0.1281978  0.08203765 0.07070384 0.06052623\n",
      " 0.05084048 0.04693302 0.03909704 0.0303661  0.01395661 0.00678295\n",
      " 0.002     ], means: [[ -21.066527    -35.01813233   -5.51403702]\n",
      " [  15.3506633   -11.64115665   -5.08705961]\n",
      " [ -25.99108844   -8.83380901  -14.6173895 ]\n",
      " [  31.14723893  -20.04039911    7.67999725]\n",
      " [ -22.38654241  -18.00223812    3.60766296]\n",
      " [   7.36670561   10.52768776  -40.59030739]\n",
      " [   6.91186255   -2.19857666    0.89400931]\n",
      " [  24.25711948   -7.0318194     5.83091553]\n",
      " [  19.24497599  -35.56687373   -7.45963408]\n",
      " [ -33.61848624  -20.78021732    0.66996397]\n",
      " [  23.22435102    2.95092083   -5.52449899]\n",
      " [ -37.07301093  -67.83225366  -41.04616126]\n",
      " [  71.16158632 -298.02814968   -0.7913472 ]], covs: [[[ 1.64261318e+03  7.36773379e+02  1.97040147e+02]\n",
      "  [ 7.36773379e+02  5.93578673e+02  5.05280321e+02]\n",
      "  [ 1.97040147e+02  5.05280321e+02  7.08915686e+02]]\n",
      "\n",
      " [[ 1.05524122e+03 -5.98366793e+02 -3.13014245e+02]\n",
      "  [-5.98366793e+02  4.08956202e+02  2.27460900e+02]\n",
      "  [-3.13014245e+02  2.27460900e+02  1.36597246e+02]]\n",
      "\n",
      " [[ 2.13552721e+03 -6.53283906e+02  1.40312021e+03]\n",
      "  [-6.53283906e+02  2.15109226e+02 -4.29537258e+02]\n",
      "  [ 1.40312021e+03 -4.29537258e+02  9.24328843e+02]]\n",
      "\n",
      " [[ 8.12002261e+02  1.26917397e+02  2.04458379e+02]\n",
      "  [ 1.26917397e+02  2.34151053e+01  2.98853273e+01]\n",
      "  [ 2.04458379e+02  2.98853273e+01  5.50689228e+01]]\n",
      "\n",
      " [[ 2.52344702e+02 -1.99330228e+02 -3.12149463e+02]\n",
      "  [-1.99330228e+02  1.60840003e+02  2.50742621e+02]\n",
      "  [-3.12149463e+02  2.50742621e+02  4.02536503e+02]]\n",
      "\n",
      " [[ 1.90430767e+02 -1.53044273e+02 -6.79706549e+01]\n",
      "  [-1.53044273e+02  1.42263374e+02  5.92854820e+01]\n",
      "  [-6.79706549e+01  5.92854820e+01  3.17766452e+01]]\n",
      "\n",
      " [[ 8.50668587e+00 -8.89970493e+00 -2.05224830e-03]\n",
      "  [-8.89970493e+00  3.18122231e+01  2.50246979e+00]\n",
      "  [-2.05224830e-03  2.50246979e+00  4.28956665e+00]]\n",
      "\n",
      " [[ 5.37137045e+00 -4.02039263e+00  3.55996658e+00]\n",
      "  [-4.02039263e+00  2.35352086e+01 -8.17532459e+00]\n",
      "  [ 3.55996658e+00 -8.17532459e+00  5.70040011e+00]]\n",
      "\n",
      " [[ 3.71302930e+01  7.36576568e+01 -1.90412450e+01]\n",
      "  [ 7.36576568e+01  1.72315401e+02 -4.67657016e+01]\n",
      "  [-1.90412450e+01 -4.67657016e+01  1.66455856e+01]]\n",
      "\n",
      " [[ 9.08205358e+00  4.68884657e-01 -1.72358393e+00]\n",
      "  [ 4.68884657e-01  6.59435911e+00  7.61973148e-01]\n",
      "  [-1.72358393e+00  7.61973148e-01  7.50150407e+00]]\n",
      "\n",
      " [[ 4.45785869e+00 -7.43265375e-01  1.31971032e+00]\n",
      "  [-7.43265375e-01  4.37226046e+00  7.26193544e-01]\n",
      "  [ 1.31971032e+00  7.26193544e-01  4.31842164e+00]]\n",
      "\n",
      " [[ 5.54187869e+00  4.39223851e-01  1.53387776e+00]\n",
      "  [ 4.39223851e-01  4.93605392e+00 -3.12750673e-01]\n",
      "  [ 1.53387776e+00 -3.12750673e-01  4.05422202e+00]]\n",
      "\n",
      " [[ 5.19491255e+00 -2.22680102e-01  1.37012283e+00]\n",
      "  [-2.22680102e-01  6.13822671e+00  2.81515155e-01]\n",
      "  [ 1.37012283e+00  2.81515155e-01  4.46987183e+00]]]\n",
      "MDL: best K = 4, best w = 132.25\n",
      "amps: [0.73519764 0.21272897 0.04334908 0.00872431], means: [[  -3.50251415  -11.63606735   -7.14829528]\n",
      " [ -19.44096958  -52.37587232  -13.21927998]\n",
      " [   3.2439404    14.71039169   40.11326882]\n",
      " [  26.85097251 -121.80479486  -38.00501953]], covs: [[[ 1.08704791e+03  1.52894551e+01  5.30440885e+01]\n",
      "  [ 1.52894551e+01  1.81392300e+02  2.37941711e-01]\n",
      "  [ 5.30440885e+01  2.37941711e-01  7.71114647e+01]]\n",
      "\n",
      " [[ 1.73186298e+03  2.89272557e+02 -4.75457849e+02]\n",
      "  [ 2.89272557e+02  2.71139229e+02 -5.55296495e+01]\n",
      "  [-4.75457849e+02 -5.55296495e+01  2.80873785e+02]]\n",
      "\n",
      " [[ 4.97044227e+02  6.20476321e+01 -3.77085340e+02]\n",
      "  [ 6.20476321e+01  1.08709937e+02 -7.23151273e+01]\n",
      "  [-3.77085340e+02 -7.23151273e+01  5.11406671e+02]]\n",
      "\n",
      " [[ 2.57663478e+02 -1.09978483e+03  2.06382960e+02]\n",
      "  [-1.09978483e+03  7.29705971e+03 -1.05762500e+03]\n",
      "  [ 2.06382960e+02 -1.05762500e+03  2.28168481e+02]]]\n"
     ]
    }
   ],
   "source": [
    "print \"XD:\"\n",
    "print \"logLikelihood: best K = {0}, best w = {1}\".format(bestK[0], bestw[0])\n",
    "print \"amps: {0}, means: {1}, covs: {2}\".format(amps_test[0], means_test[0], covs_test[0])\n",
    "print \"AIC: best K = {0}, best w = {1}\".format(bestK[1], bestw[1])\n",
    "print \"amps: {0}, means: {1}, covs: {2}\".format(amps_test[1], means_test[1], covs_test[1])\n",
    "print \"MDL: best K = {0}, best w = {1}\".format(bestK[2], bestw[2])\n",
    "print \"amps: {0}, means: {1}, covs: {2}\".format(amps_test[2], means_test[2], covs_test[2])"
   ]
  },
  {
   "cell_type": "code",
   "execution_count": 8,
   "metadata": {
    "collapsed": true
   },
   "outputs": [],
   "source": [
    "gfc.io.save_PDFs(amps_test, means_test, covs_test, root + '/Gaia')"
   ]
  },
  {
   "cell_type": "code",
   "execution_count": 9,
   "metadata": {
    "collapsed": true
   },
   "outputs": [],
   "source": [
    "def plot_normal_PDF(ax, v, x, amps, means, covs, c, l):\n",
    "    pdf = np.zeros(len(x))\n",
    "    for n in range(len(amps)):\n",
    "        pdf += amps[n]*sp.stats.norm.pdf(x, loc=means[n,v], scale=np.sqrt(covs[n,v,v]))\n",
    "    ax.plot(x, pdf, label=l, color=c, lw=.8)\n",
    "\n",
    "def plot_hist_uvw(inita, initm, initc, a_test, m_test, c_test, uvw_data, *args):\n",
    "    saveto = '/disks/strw9/vanweenen/mrp1/results/'\n",
    "    velocities = ('U', 'V', 'W') ; unit = ' (km/s)'\n",
    "    colors = ('red','dodgerblue','green')\n",
    "    test = ('logL', 'AIC', 'MDL')\n",
    "    limits = ((-130, 120), (-120,60), (-70,70))\n",
    "    \n",
    "    fig, ax = plt.subplots(len(test), len(velocities), sharey=True, figsize=(9,9), tight_layout=True)\n",
    "    for v in range(len(velocities)):\n",
    "        vrange = np.linspace(limits[v][0], limits[v][1], len(uvw_data[:,v]))\n",
    "        for t in range(len(test)):\n",
    "            plot_normal_PDF(ax[t,v], v, vrange, a_test[t], m_test[t], c_test[t], colors[t], test[t]) #xd fit\n",
    "            plot_normal_PDF(ax[t,v], v, vrange, inita, initm, initc, 'black', 'Bovy') #curve of initial velocity distribution\n",
    "            ax[t,v].hist(uvw_data[:,v], bins='auto', normed=True, facecolor='black', histtype='stepfilled', alpha=0.3, label='data')\n",
    "            ax[t,v].set_xlabel(velocities[v] + unit)\n",
    "            ax[t,v].set_xlim(limits[v])\n",
    "            ax[t,v].legend(loc='upper right', prop={'size': 6})\n",
    "    \n",
    "    suptitle = 'Histogram of velocity in Cartesian coordinates'\n",
    "    filename = '/hist_velocity'\n",
    "    suptitle, filename = gfc.gplot.title_filename(suptitle, filename, *args)\n",
    "    plt.suptitle(suptitle, y=1., fontsize=12)\n",
    "    plt.savefig(saveto + filename)\n",
    "    plt.show()\n",
    "\n",
    "def plot_hist_uvw2(inita, initm, initc, a_test, m_test, c_test, uvw_data, *args):\n",
    "    saveto = '/disks/strw9/vanweenen/mrp1/results/'\n",
    "    velocities = ('U', 'V', 'W') ; unit = ' (km/s)'\n",
    "    colors = ('red','dodgerblue','green')\n",
    "    test = ('logL', 'AIC', 'MDL')\n",
    "    limits = ((-130, 120), (-120,60), (-70,70))\n",
    "    \n",
    "    fig, ax = plt.subplots(1, len(velocities), sharey=True, figsize=(9,4), tight_layout=True)\n",
    "    for v in range(len(velocities)):\n",
    "        vrange = np.linspace(limits[v][0], limits[v][1], len(uvw_data[:,v]))\n",
    "        for t in range(len(test)):\n",
    "            plot_normal_PDF(ax[v], v, vrange, a_test[t], m_test[t], c_test[t], colors[t], test[t]) #xd fit\n",
    "        plot_normal_PDF(ax[v], v, vrange, inita, initm, initc, 'black', 'Bovy') #curve of initial velocity distribution\n",
    "        ax[v].hist(uvw_data[:,v], bins='auto', normed=True, facecolor='black', histtype='stepfilled', alpha=0.3, label='data')\n",
    "        ax[v].set_xlabel(velocities[v] + unit)\n",
    "        ax[v].set_xlim(limits[v])\n",
    "        ax[v].legend(loc='upper right', prop={'size': 6})\n",
    "    \n",
    "    suptitle = 'Histogram of velocity in Cartesian coordinates'\n",
    "    filename = '/hist_velocity'\n",
    "    suptitle, filename = gfc.gplot.title_filename(suptitle, filename, *args)\n",
    "    plt.suptitle(suptitle, y=1., fontsize=12)\n",
    "    plt.savefig(saveto + filename)\n",
    "    plt.show()\n"
   ]
  },
  {
   "cell_type": "code",
   "execution_count": 10,
   "metadata": {
    "collapsed": false
   },
   "outputs": [
    {
     "name": "stdout",
     "output_type": "stream",
     "text": [
      "args: ('Gaia',)\n",
      "Gaia args detected\n"
     ]
    },
    {
     "name": "stderr",
     "output_type": "stream",
     "text": [
      "/software/local/lib64/python2.7/site-packages/matplotlib/figure.py:2022: UserWarning: This figure includes Axes that are not compatible with tight_layout, so results might be incorrect.\n",
      "  warnings.warn(\"This figure includes Axes that are not compatible \"\n"
     ]
    },
    {
     "data": {
